
Array : 96 181 253 260 291 349 431 431 516 565
Key for best case :291

Key for worst case :9999

Key for average case :431

Array : 12 61 90 108 176 239 257 264 292 324 347 373 379 418 427 486 498 516 549 554
Key for best case :324

Key for worst case :9999

Key for average case :427

Array : 42 123 166 180 268 294 366 388 414 423 494 584 594 646 654 733 748 826 864 960 971 1033 1055 1124 1125 1209 1237 1302 1304 1365
Key for best case :654

Key for worst case :9999

Key for average case :1033

Array : 70 114 209 274 285 368 460 495 553 623 720 749 762 769 851 872 910 959 1011 1088 1185 1200 1291 1363 1447 1539 1595 1607 1664 1674 1699 1778 1833 1853 1950 2016 2072 2161 2162 2176
Key for best case :1088

Key for worst case :9999

Key for average case :1674

Array : 11 109 204 228 286 363 461 557 636 686 711 787 852 868 916 917 977 981 1046 1115 1130 1172 1173 1195 1210 1308 1348 1419 1458 1551 1588 1638 1682 1714 1789 1791 1853 1926 1976 2017 2040 2116 2133 2173 2217 2283 2376 2381 2403 2413
Key for best case :1210

Key for worst case :9999

Key for average case :1853

Array : 74 163 215 290 301 368 393 396 486 550 647 674 689 782 794 884 979 1053 1068 1165 1180 1270 1295 1379 1461 1531 1581 1656 1683 1708 1745 1746 1760 1849 1878 1956 1965 2019 2100 2151 2222 2252 2331 2417 2440 2483 2511 2581 2598 2641 2709 2793 2878 2923 2991 3058 3073 3144 3238 3280
Key for best case :1708

Key for worst case :9999

Key for average case :2440

Array : 96 127 223 285 357 434 474 507 590 664 749 803 807 823 915 995 1054 1074 1124 1152 1167 1237 1249 1301 1317 1349 1368 1451 1506 1571 1649 1652 1700 1774 1840 1913 1964 2022 2028 2114 2146 2237 2278 2367 2374 2407 2476 2494 2500 2571 2617 2690 2784 2794 2820 2882 2925 2970 3015 3113 3176 3199 3253 3264 3313 3333 3417 3469 3547 3590
Key for best case :1840

Key for worst case :9999

Key for average case :2690

Array : 39 102 136 216 268 362 427 500 512 583 627 686 731 821 890 913 965 1029 1097 1147 1162 1245 1270 1339 1386 1461 1502 1533 1612 1683 1709 1727 1761 1822 1872 1910 1917 1985 1996 2015 2106 2114 2144 2232 2330 2382 2393 2396 2412 2444 2497 2580 2595 2673 2725 2787 2792 2837 2883 2968 2985 3057 3112 3163 3248 3254 3344 3436 3462 3515 3527 3544 3605 3699 3705 3717 3763 3780 3795 3810
Key for best case :2015

Key for worst case :9999

Key for average case :2968

Array : 49 117 215 280 326 329 408 412 460 485 574 639 689 733 750 785 787 846 926 954 966 1058 1104 1130 1168 1220 1258 1343 1364 1417 1417 1488 1509 1607 1695 1714 1767 1834 1857 1859 1904 1916 1935 2030 2039 2127 2209 2220 2267 2329 2421 2433 2439 2477 2515 2560 2602 2678 2760 2823 2852 2934 2968 2970 3002 3024 3097 3183 3225 3322 3362 3449 3510 3569 3603 3625 3673 3689 3775 3822 3901 3979 4038 4075 4143 4192 4274 4284 4309 4373
Key for best case :2039

Key for worst case :9999

Key for average case :3097

Array : 25 31 129 141 201 232 318 352 421 449 532 593 608 704 724 725 744 764 782 787 855 904 939 1018 1104 1107 1136 1205 1270 1324 1409 1499 1512 1596 1598 1671 1738 1827 1834 1922 1991 2033 2082 2119 2158 2227 2265 2323 2413 2469 2484 2494 2499 2549 2638 2730 2783 2801 2814 2832 2857 2955 3015 3053 3087 3150 3213 3214 3218 3241 3330 3403 3468 3506 3516 3520 3580 3629 3643 3645 3702 3731 3743 3806 3837 3890 3897 3981 4053 4073 4127 4176 4246 4261 4300 4305 4335 4337 4395 4429
Key for best case :2469

Key for worst case :9999

Key for average case :3516
