
Array: 191 202 273 308 390 404 431 437 465
Array: 78 140 238 319 359 406 420 455 541 580 639 660 719 814 893 908 973 977 1028
Array: 128 190 245 343 386 471 525 587 591 638 694 701 710 789 794 834 897 938 972 1046 1096 1177 1229 1274 1325 1381 1400 1427 1481
Array: 40 45 48 79 106 185 249 318 321 362 424 458 507 532 600 648 675 773 808 837 866 890 890 950 985 994 995 1017 1053 1110 1155 1208 1222 1222 1258 1299 1330 1383 1445
Array: 44 50 120 188 246 318 392 482 520 615 652 732 772 814 827 901 910 959 1052 1092 1173 1174 1222 1262 1309 1382 1408 1478 1532 1616 1676 1689 1779 1809 1891 1891 1945 1953 2043 2135 2138 2218 2242 2338 2360 2449 2519 2550 2588
Array: 146 172 181 226 230 293 294 300 372 422 442 485 494 579 640 728 783 810 838 874 926 930 1017 1079 1097 1130 1152 1173 1226 1282 1346 1406 1440 1465 1471 1509 1549 1556 1600 1613 1622 1638 1646 1665 1666 1688 1747 1803 1852 1939 1983 1984 2027 2110 2125 2186 2202 2240 2274
Array: 58 120 198 261 291 327 384 422 468 475 557 648 721 750 828 917 933 1027 1120 1145 1167 1264 1316 1385 1484 1577 1671 1744 1832 1851 1893 1975 2056 2076 2173 2237 2245 2251 2253 2307 2320 2356 2454 2541 2558 2634 2710 2795 2817 2838 2848 2945 2963 2977 3043 3113 3173 3186 3281 3329 3361 3399 3481 3546 3556 3636 3665 3736 3822
Array: 158 246 274 280 326 391 471 520 617 618 680 761 828 896 991 1087 1111 1189 1244 1304 1388 1429 1451 1505 1594 1637 1666 1702 1783 1851 1920 1978 1986 2083 2147 2201 2216 2312 2367 2431 2528 2545 2590 2606 2692 2785 2798 2860 2883 2903 2925 2932 2993 3090 3152 3155 3195 3238 3329 3350 3361 3421 3452 3523 3533 3629 3654 3731 3775 3807 3848 3890 3939 4026 4084 4171 4203 4274 4324
Array: 60 99 100 173 259 267 281 348 386 420 429 468 499 587 679 749 757 782 836 861 914 1012 1045 1070 1090 1176 1181 1202 1204 1264 1307 1349 1401 1497 1564 1602 1606 1639 1696 1790 1858 1924 1958 2009 2016 2094 2115 2130 2133 2160 2201 2257 2282 2308 2390 2488 2500 2539 2558 2625 2625 2639 2700 2704 2715 2743 2837 2904 2965 2968 3030 3111 3181 3277 3310 3387 3413 3419 3463 3492 3526 3563 3601 3612 3628 3648 3657 3685 3744
Array: 179 270 317 328 364 364 444 474 476 520 613 648 702 764 850 913 980 1049 1082 1119 1217 1226 1295 1314 1378 1438 1501 1538 1598 1666 1755 1795 1854 1890 1893 1941 2029 2064 2094 2185 2264 2288 2366 2451 2489 2506 2555 2560 2646 2728 2823 2860 2904 2968 3024 3084 3108 3180 3229 3266 3306 3344 3373 3424 3498 3531 3630 3645 3665 3747 3753 3753 3759 3795 3832 3928 3981 4019 4020 4112 4185 4281 4310 4379 4392 4429 4458 4495 4504 4582 4608 4609 4626 4682 4735 4778 4819 4823 4881