
Array: 58 22 95 27 20 82 48 46 80 12
Array: 77 17 50 72 96 70 6 45 17 86 9 67 68 29 77 49 80 95 38 73
Array: 93 6 11 91 62 96 85 36 88 76 32 18 28 94 16 9 86 63 75 73 1 14 33 74 26 80 54 93 45 10
Array: 91 66 96 5 21 46 48 58 0 62 15 99 19 22 61 50 79 1 65 20 87 39 23 68 44 68 20 0 39 99 54 82 17 50 87 90 96 88 49 49
Array: 34 94 24 21 43 50 89 43 29 39 78 10 68 3 10 80 90 19 82 64 7 91 9 61 57 61 49 50 92 2 12 79 97 88 0 92 90 41 36 19 80 14 82 0 69 44 80 12 16 14
Array: 63 71 71 17 72 11 64 45 89 86 51 73 46 65 15 28 99 15 82 7 58 26 10 38 51 6 60 92 28 43 83 44 66 54 61 38 18 77 36 7 63 87 33 10 4 48 90 3 64 73 10 74 51 73 12 2 79 24 95 60
Array: 22 46 98 82 80 75 88 18 68 47 14 33 9 30 93 28 31 15 39 40 16 26 36 69 22 20 85 83 36 75 18 58 21 68 93 53 96 33 23 64 33 37 97 42 19 90 22 2 58 61 42 26 39 79 96 61 51 33 45 87 60 15 98 33 35 43 86 31 76 61
Array: 83 77 0 19 27 39 37 56 67 22 30 89 85 27 59 99 46 29 59 59 77 60 91 67 42 56 77 22 38 0 9 21 78 61 41 5 0 30 61 19 4 92 8 89 19 20 41 17 1 0 76 78 60 67 45 3 76 75 77 14 27 38 35 5 99 28 63 51 10 76 71 15 20 31 56 92 51 49 9 53
Array: 55 43 24 14 5 73 76 60 13 71 51 86 82 11 18 5 73 66 82 50 10 14 92 52 64 31 63 3 15 34 5 70 78 82 84 35 55 13 95 21 84 46 7 19 9 77 24 83 95 7 33 6 73 77 10 89 60 73 93 75 60 98 45 90 32 82 77 88 47 24 61 31 70 20 2 31 50 79 14 45 38 0 3 11 29 14 1 42 39 46
Array: 81 47 11 47 8 67 58 88 61 26 50 65 88 83 87 36 16 16 14 75 12 43 61 2 81 72 18 53 34 98 65 15 46 28 62 6 48 73 95 61 51 97 26 91 80 65 27 49 33 41 76 98 36 37 52 70 9 70 75 95 20 92 10 18 21 25 25 69 98 72 30 49 69 9 40 1 26 19 50 12 12 26 10 0 15 62 22 25 84 98 20 56 90 83 75 63 8 52 84 6