
Array: 508 431 391 302 285 234 205 147 127 98
Array: 1058 1015 924 833 759 665 632 628 583 523 522 446 363 290 272 216 210 175 107 72
Array: 1887 1816 1719 1643 1569 1517 1447 1405 1379 1284 1275 1216 1122 1038 954 876 779 757 695 644 550 458 439 373 369 339 258 202 134 44
Array: 1747 1692 1665 1631 1590 1533 1522 1443 1425 1388 1309 1307 1220 1190 1189 1142 1061 1050 1043 964 871 846 822 780 747 723 653 640 560 511 421 333 271 253 182 173 135 114 66 50
Array: 2414 2408 2328 2305 2219 2146 2053 2046 2038 2030 1950 1919 1852 1768 1701 1620 1588 1536 1491 1449 1402 1381 1367 1287 1234 1232 1232 1223 1143 1143 1116 1102 1034 979 901 874 809 724 649 573 485 389 377 291 240 178 142 104 99 76
Array: 2868 2835 2815 2812 2752 2658 2596 2586 2535 2460 2435 2406 2318 2305 2236 2158 2140 2127 2120 2049 2035 1986 1929 1927 1872 1870 1844 1806 1788 1748 1714 1626 1553 1479 1438 1341 1298 1212 1127 1057 1022 963 904 894 799 795 776 681 582 525 463 403 309 307 283 218 134 101 97 67
Array: 3269 3245 3202 3128 3055 3014 3012 2965 2938 2886 2810 2753 2750 2735 2649 2633 2598 2551 2537 2492 2448 2350 2292 2285 2244 2186 2170 2148 2139 2101 2003 1960 1861 1860 1841 1767 1753 1655 1585 1567 1519 1510 1440 1353 1273 1234 1185 1148 1097 1081 994 958 954 906 867 848 751 673 602 536 450 405 334 309 222 153 150 106 56 47
Array: 3979 3940 3902 3856 3782 3714 3666 3648 3638 3604 3598 3563 3505 3475 3471 3394 3380 3374 3308 3277 3216 3147 3115 3112 3038 3001 2995 2919 2825 2776 2737 2702 2638 2621 2575 2571 2565 2504 2493 2418 2342 2318 2239 2210 2146 2048 1989 1906 1814 1717 1670 1664 1569 1475 1378 1333 1242 1237 1200 1141 1057 987 951 943 884 799 706 675 642 607 564 469 461 432 415 334 281 219 136 50
Array: 4770 4715 4699 4698 4618 4566 4544 4524 4516 4424 4349 4284 4252 4171 4151 4113 4113 4034 3989 3988 3899 3879 3849 3768 3679 3625 3531 3498 3418 3334 3263 3195 3172 3160 3082 3075 3031 2953 2908 2817 2757 2663 2570 2477 2396 2356 2263 2164 2126 2101 2082 2026 1948 1925 1838 1782 1708 1650 1640 1581 1520 1461 1371 1356 1289 1241 1179 1178 1160 1061 963 897 836 784 784 702 700 684 657 627 581 537 468 398 301 272 179 164 68 17
Array: 5584 5532 5532 5459 5415 5325 5323 5254 5174 5098 5069 4999 4981 4950 4897 4840 4741 4673 4663 4582 4571 4559 4557 4463 4446 4445 4400 4369 4322 4235 4156 4082 4026 3968 3897 3822 3764 3690 3602 3544 3486 3388 3372 3364 3284 3251 3156 3090 3033 2935 2856 2839 2796 2748 2651 2565 2511 2505 2454 2433 2403 2334 2331 2250 2151 2107 2072 2024 2008 1918 1877 1780 1714 1631 1570 1508 1485 1388 1301 1261 1206 1128 1060 1055 961 870 788 708 633 551 533 436 418 412 318 219 191 98 91 24