Array :13	71	2	17	27	20	29	16	61	68	
Best case=13

Worst case=9999

Average case=20
Array :50	65	34	85	45	94	71	47	51	69	94	0	53	86	68	60	39	13	16	55	
Best case=50

Worst case=9999

Average case=94
Array :40	81	79	42	98	6	15	79	22	76	47	73	42	34	10	87	80	82	86	83	3	33	83	57	19	51	69	10	16	37	
Best case=40

Worst case=9999

Average case=87
Array :18	57	18	97	51	69	3	66	0	77	95	0	2	89	34	65	76	14	47	15	97	2	48	32	11	19	83	80	30	52	69	0	61	88	97	12	9	52	31	9	
Best case=18

Worst case=9999

Average case=97
Array :29	26	9	84	15	95	49	43	61	48	10	10	50	10	42	14	30	78	46	12	30	16	12	91	56	9	55	65	13	86	26	42	12	36	78	27	83	79	23	97	27	33	7	30	44	2	44	74	80	90	
Best case=29

Worst case=9999

Average case=9
Array :86	62	6	50	5	62	59	60	79	72	99	6	66	11	94	97	91	77	76	14	74	56	47	34	86	43	36	82	17	68	72	55	30	31	57	87	45	16	99	25	40	98	31	59	10	25	56	53	54	84	67	81	40	66	15	26	10	51	60	79	
Best case=86

Worst case=9999

Average case=72
Array :71	33	87	53	16	44	40	61	13	91	38	5	90	69	16	52	46	24	5	53	9	24	34	49	42	49	28	4	52	88	36	23	73	75	76	89	19	68	3	84	59	41	42	49	63	58	1	9	83	58	62	44	34	96	45	77	97	73	81	49	14	69	72	87	44	0	29	16	68	32	
Best case=71

Worst case=9999

Average case=89
Array :0	28	25	94	77	88	5	31	98	40	41	12	84	76	61	29	5	58	55	38	60	69	8	84	8	52	85	89	68	53	73	21	33	99	67	63	87	72	46	37	12	87	2	48	15	63	78	72	21	33	11	33	54	71	18	14	75	3	56	96	8	29	69	42	80	36	57	68	9	3	57	73	90	59	22	58	74	52	30	96	
Best case=0

Worst case=9999

Average case=12
Array :37	93	81	91	16	99	57	92	54	13	88	63	95	57	57	75	45	14	95	54	17	53	80	59	64	2	69	39	54	52	87	43	45	68	34	62	68	43	6	22	9	46	37	4	3	46	79	0	60	75	55	29	80	87	41	44	41	10	83	47	62	22	90	60	91	76	74	11	19	80	85	28	26	23	32	81	69	12	81	82	39	88	63	19	75	56	63	68	67	99	
Best case=37

Worst case=9999

Average case=46
Array :15	81	73	5	93	64	81	67	27	1	99	13	81	25	88	14	58	9	78	92	91	17	80	7	88	8	63	3	76	82	54	44	16	28	49	9	92	31	77	20	84	28	85	65	6	73	31	64	82	61	56	26	30	89	33	18	49	48	22	77	31	76	21	99	4	23	8	49	54	37	21	90	66	6	55	72	79	39	36	13	0	45	39	31	86	24	49	87	73	23	16	56	52	90	55	8	13	15	57	19	
Best case=15

Worst case=9999

Average case=56
